| 137.000 212.000 212.000 226.000 281.000 131.000 272.000 165.000 192.000 146.000| 
| 219.000 303.000 281.000 296.000 349.000 221.000 310.000 200.000 232.000 281.000| 
| 122.000 250.000 201.000 205.000 296.000 155.000 263.000 133.000 118.000 176.000| 
| 157.000 154.000 158.000 169.000 213.000  90.000 168.000 103.000 117.000 154.000| 
|  85.000 270.000 204.000 165.000 273.000 143.000 282.000 149.000 153.000 176.000| 
| 175.000 261.000 199.000 271.000 265.000 166.000 244.000 208.000 181.000 132.000| 
| 121.000 291.000 288.000 267.000 353.000 180.000 357.000 205.000 234.000 198.000| 
| 160.000 239.000 203.000 220.000 251.000 178.000 219.000 162.000 174.000 159.000| 
| 183.000 197.000 191.000 207.000 270.000 138.000 229.000 129.000 173.000 170.000| 
|  78.000 197.000 133.000 127.000 165.000  91.000 159.000 112.000  71.000 125.000| 
