|   5.000   3.000   5.000   3.000  14.000  14.000  12.000   5.000   4.000  11.000| 
|   9.000  15.000  10.000  11.000   4.000   8.000  10.000  11.000   9.000   3.000| 
|  14.000  10.000  12.000  15.000  12.000   5.000   3.000   3.000   5.000   6.000| 
|   2.000   9.000  11.000   4.000  11.000  11.000  11.000   9.000   3.000   3.000| 
|   9.000  17.000   8.000   7.000  15.000   5.000  10.000  11.000   5.000   0.000| 
|   4.000   7.000  11.000  14.000  14.000   8.000  12.000   6.000  13.000   9.000| 
|  17.000   7.000   6.000  10.000  10.000  17.000   3.000  10.000  16.000   8.000| 
|   5.000  10.000  13.000  17.000  13.000   6.000  14.000  10.000  10.000  12.000| 
|   5.000  10.000  16.000  12.000   6.000   9.000   8.000  11.000   3.000   7.000| 
|  10.000  16.000   3.000   8.000   9.000   6.000   6.000  10.000   6.000   5.000| 
