|   0.000   0.000   6.000   0.000  49.000  45.000  27.000   0.000   4.000  28.000| 
|  14.000  54.000  16.000  24.000   3.000  12.000  21.000  28.000   8.000   2.000| 
|  45.000   9.000  32.000  54.000  32.000   6.000   0.000   0.000   0.000   0.000| 
|   0.000  18.000  24.000   3.000  24.000  24.000  24.000  14.000   0.000   2.000| 
|   0.000  72.000   0.000  12.000  56.000   6.000  16.000  28.000   6.000   0.000| 
|   0.000  12.000  30.000  45.000  48.000   0.000  32.000   5.000  36.000   0.000| 
|  72.000   6.000   5.000  21.000   9.000  72.000   0.000  24.000  63.000  12.000| 
|   0.000  21.000  40.000  72.000  36.000   8.000  48.000  24.000  24.000  27.000| 
|   4.000  24.000  64.000  32.000   9.000  14.000  15.000  30.000   0.000   6.000| 
|  25.000  63.000   0.000   0.000  20.000   0.000   5.000  16.000   8.000   6.000| 
